0 1
1 27
2 49
3 88
4 1
5 23
6 61
7 1
8 48
9 57
10 1
11 4
12 47
13 55
14 1
15 4
16 5
17 7
18 12
19 37
20 49
21 93
22 1
23 30
24 36
25 45
26 64
27 1
28 32
29 38
30 81
31 1
32 1
33 26
34 35
35 60
36 1
37 6
38 48
39 94
40 1
41 8
42 13
43 55
44 1
45 27
46 60
47 1
48 21
49 54
50 1
51 2
52 28
53 66
54 1
55 40
56 49
57 80
58 1
59 49
60 59
61 1
62 17
63 54
64 1
65 46
66 58
67 1
68 27
69 35
70 80
71 1
72 24
73 50
74 1
75 49
76 90
77 1
78 37
79 48
80 94
81 1
82 50
83 1
84 45
85 60
86 1
87 6
88 11
89 21
90 58
91 1
92 45
93 74
94 1
95 6
96 41
97 68
98 1
99 38
100 73
101 1
102 17
103 42
104 51
105 1
106 3
107 46
108 75
109 1
110 32
111 67
112 1
113 47
114 69
115 1
116 25
117 33
118 36
119 49
120 59
121 1
122 16
123 54
124 1
125 9
126 53
127 1
128 32
129 45
130 82
131 1
132 4
133 17
134 50
135 1
136 46
137 76
138 1
139 25
140 59
141 1
142 11
143 29
144 68
145 1
146 29
147 38
148 54
149 1
150 29
151 48
152 84
153 1
154 42
155 48
156 89
157 1
158 17
159 65
160 1
161 8
162 41
163 44
164 74
165 1
166 7
167 37
168 38
169 53
170 1
171 44
172 76
173 1
174 45
175 89
176 1
177 11
178 39
179 78
180 1
181 26
182 51
183 1
184 37
185 37
186 65
187 1
188 43
189 86
190 1
191 36
192 69
193 1
194 27
195 41
196 89
197 1
198 50
199 1
200 5
201 48
202 55
203 1
204 35
205 53
206 1
207 14
208 34
209 66
210 1
211 33
212 51
213 1
214 4
215 42
216 49
217 64
218 1
219 32
220 60
221 1
222 2
223 50
224 1
225 4
226 38
227 43
228 63
229 1
230 4
231 27
232 55
233 1
234 9
235 41
236 87
237 1
238 38
239 75
240 1
241 23
242 25
243 71
244 1
245 3
246 45
247 62
248 1
249 7
250 35
251 47
252 51
253 1
254 1
255 47
256 77
257 1
258 37
259 85
260 1
261 36
262 46
263 46
264 52
265 1
266 47
267 70
268 1
269 43
270 51
271 1
272 1
273 17
274 28
275 57
276 1
277 39
278 47
279 64
280 1
281 28
282 58
283 1
284 38
285 62
286 1
287 25
288 28
289 57
290 1
291 49
292 97
293 1
294 48
295 49
296 94
297 1
298 16
299 51
300 1
301 3
302 40
303 55
304 1
305 7
306 9
307 24
308 28
309 53
310 1
311 33
312 43
313 79
314 1
315 30
316 48
317 68
318 1
319 50
320 1
321 2
322 26
323 70
324 1
325 16
326 43
327 90
328 1
329 30
330 37
331 41
332 82
333 1
334 18
335 67
336 1
337 36
338 54
339 1
340 29
341 77
342 1
343 30
344 46
345 85
346 1
347 24
348 62
349 1
350 2
351 7
352 45
353 77
354 1
355 17
356 65
357 1
358 16
359 29
360 37
361 54
362 1
363 44
364 46
365 71
366 1
367 36
368 60
369 1
370 26
371 34
372 83
373 1
374 44
375 73
376 1
377 22
378 46
379 61
380 1
381 26
382 31
383 67
384 1
385 37
386 77
387 1
388 40
389 86
390 1
391 8
392 28
393 36
394 46
395 80
396 1
397 12
398 46
399 94
400 1
401 28
402 74
403 1
404 13
405 60
406 1
407 14
408 63
409 1
410 40
411 89
412 1
413 42
414 56
415 1
416 11
417 32
418 71
419 1
420 33
421 44
422 71
423 1
424 40
425 43
426 72
427 1
428 3
429 26
430 37
431 46
432 57
433 1
434 32
435 38
436 53
437 1
438 30
439 56
440 1
441 17
442 62
443 1
444 34
445 34
446 80
447 1
448 3
449 35
450 47
451 64
452 1
453 28
454 74
455 1
456 31
457 52
458 1
459 25
460 69
461 1
462 45
463 58
464 1
465 35
466 76
467 1
468 50
469 1
470 11
471 13
472 26
473 54
474 1
475 44
476 90
477 1
478 41
479 64
480 1
481 14
482 24
483 49
484 98
485 1
486 42
487 90
488 1
489 15
490 33
491 46
492 77
493 1
494 31
495 50
496 1
497 27
498 40
499 88
