500 1
501 36
502 49
503 92
504 1
505 1
506 45
507 56
508 1
509 12
510 25
511 72
512 1
513 33
514 77
515 1
516 19
517 58
518 1
519 26
520 34
521 82
522 1
523 2
524 22
525 45
526 82
527 1
528 45
529 53
530 1
531 1
532 32
533 40
534 65
535 1
536 35
537 46
538 57
539 1
540 41
541 63
542 1
543 36
544 63
545 1
546 11
547 59
548 1
549 30
550 77
551 1
552 17
553 50
554 1
555 5
556 35
557 78
558 1
559 30
560 34
561 49
562 52
563 1
564 50
565 1
566 6
567 9
568 51
569 1
570 47
571 91
572 1
573 24
574 72
575 1
576 44
577 86
578 1
579 20
580 47
581 55
582 1
583 28
584 62
585 1
586 18
587 66
588 1
589 48
590 72
591 1
592 43
593 55
594 1
595 35
596 57
597 1
598 30
599 57
600 1
601 38
602 87
603 1
604 37
605 74
606 1
607 37
608 48
609 81
610 1
611 23
612 28
613 48
614 79
615 1
616 36
617 69
618 1
619 1
620 7
621 21
622 40
623 45
624 90
625 1
626 23
627 54
628 1
629 3
630 15
631 64
632 1
633 30
634 62
635 1
636 38
637 57
638 1
639 12
640 14
641 24
642 38
643 50
644 1
645 8
646 44
647 88
648 1
649 40
650 44
651 83
652 1
653 13
654 60
655 1
656 32
657 61
658 1
659 3
660 42
661 82
662 1
663 36
664 73
665 1
666 19
667 42
668 66
669 1
670 30
671 52
672 1
673 37
674 66
675 1
676 17
677 31
678 64
679 1
680 40
681 65
682 1
683 49
684 84
685 1
686 22
687 32
688 79
689 1
690 6
691 34
692 45
693 93
694 1
695 46
696 83
697 1
698 4
699 35
700 48
701 92
702 1
703 2
704 15
705 58
706 1
707 3
708 6
709 31
710 49
711 82
712 1
713 22
714 61
715 1
716 17
717 22
718 24
719 72
720 1
721 13
722 61
723 1
724 26
725 50
726 1
727 5
728 14
729 18
730 20
731 65
732 1
733 40
734 64
735 1
736 24
737 28
738 48
739 81
740 1
741 33
742 65
743 1
744 27
745 75
746 1
747 32
748 51
749 1
750 36
751 46
752 81
753 1
754 33
755 38
756 70
757 1
758 27
759 55
760 1
761 4
762 41
763 65
764 1
765 48
766 56
767 1
768 30
769 58
770 1
771 5
772 11
773 15
774 38
775 42
776 78
777 1
778 9
779 21
780 47
781 57
782 1
783 18
784 19
785 52
786 1
787 30
788 38
789 51
790 1
791 23
792 44
793 55
794 1
795 12
796 43
797 91
798 1
799 4
800 10
801 41
802 61
803 1
804 6
805 43
806 59
807 1
808 21
809 27
810 62
811 1
812 38
813 75
814 1
815 38
816 38
817 48
818 91
819 1
820 40
821 71
822 1
823 4
824 26
825 57
826 1
827 19
828 20
829 39
830 81
831 1
832 13
833 16
834 45
835 73
836 1
837 34
838 77
839 1
840 7
841 14
842 30
843 62
844 1
845 6
846 39
847 88
848 1
849 8
850 20
851 55
852 1
853 48
854 64
855 1
856 45
857 69
858 1
859 28
860 67
861 1
862 10
863 41
864 55
865 1
866 5
867 42
868 48
869 66
870 1
871 38
872 43
873 59
874 1
875 6
876 19
877 50
878 1
879 26
880 57
881 1
882 6
883 47
884 83
885 1
886 8
887 34
888 79
889 1
890 48
891 57
892 1
893 4
894 25
895 50
896 1
897 45
898 73
899 1
900 18
901 23
902 59
903 1
904 20
905 67
906 1
907 31
908 42
909 66
910 1
911 43
912 82
913 1
914 16
915 54
916 1
917 28
918 53
919 1
920 6
921 43
922 44
923 86
924 1
925 14
926 44
927 75
928 1
929 3
930 13
931 61
932 1
933 2
934 34
935 82
936 1
937 15
938 54
939 1
940 43
941 46
942 68
943 1
944 49
945 85
946 1
947 41
948 42
949 75
950 1
951 21
952 31
953 73
954 1
955 28
956 41
957 46
958 90
959 1
960 7
961 35
962 67
963 1
964 22
965 31
966 31
967 49
968 77
969 1
970 17
971 20
972 27
973 62
974 1
975 23
976 38
977 66
978 1
979 40
980 63
981 1
982 1
983 22
984 65
985 1
986 34
987 74
988 1
989 31
990 71
991 1
992 19
993 61
994 1
995 23
996 60
997 1
998 5
999 36
