1000 1
1001 7
1002 13
1003 21
1004 25
1005 58
1006 1
1007 9
1008 52
1009 1
1010 50
1011 1
1012 21
1013 27
1014 55
1015 1
1016 18
1017 27
1018 64
1019 1
1020 43
1021 63
1022 1
1023 9
1024 38
1025 83
1026 1
1027 48
1028 89
1029 1
1030 25
1031 35
1032 62
1033 1
1034 38
1035 71
1036 1
1037 9
1038 30
1039 72
1040 1
1041 28
1042 30
1043 34
1044 46
1045 82
1046 1
1047 10
1048 46
1049 78
1050 1
1051 47
1052 67
1053 1
1054 11
1055 31
1056 62
1057 1
1058 38
1059 86
1060 1
1061 37
1062 64
1063 1
1064 42
1065 67
1066 1
1067 1
1068 39
1069 53
1070 1
1071 5
1072 41
1073 65
1074 1
1075 39
1076 41
1077 54
1078 1
1079 40
1080 40
1081 84
1082 1
1083 13
1084 18
1085 32
1086 61
1087 1
1088 5
1089 50
1090 1
1091 10
1092 26
1093 43
1094 67
1095 1
1096 32
1097 51
1098 1
1099 45
1100 55
1101 1
1102 18
1103 38
1104 66
1105 1
1106 7
1107 28
1108 56
1109 1
1110 32
1111 49
1112 81
1113 1
1114 20
1115 33
1116 37
1117 46
1118 79
1119 1
1120 10
1121 30
1122 44
1123 77
1124 1
1125 21
1126 67
1127 1
1128 48
1129 85
1130 1
1131 49
1132 53
1133 1
1134 48
1135 70
1136 1
1137 6
1138 10
1139 18
1140 46
1141 80
1142 1
1143 15
1144 55
1145 1
1146 43
1147 80
1148 1
1149 32
1150 57
1151 1
1152 22
1153 61
1154 1
1155 38
1156 52
1157 1
1158 19
1159 22
1160 45
1161 46
1162 76
1163 1
1164 22
1165 48
1166 85
1167 1
1168 29
1169 31
1170 53
1171 1
1172 33
1173 73
1174 1
1175 27
1176 31
1177 69
1178 1
1179 32
1180 39
1181 42
1182 56
1183 1
1184 39
1185 48
1186 85
1187 1
1188 40
1189 87
1190 1
1191 17
1192 42
1193 90
1194 1
1195 2
1196 11
1197 34
1198 41
1199 47
1200 88
1201 1
1202 10
1203 26
1204 59
1205 1
1206 36
1207 41
1208 76
1209 1
1210 42
1211 82
1212 1
1213 30
1214 37
1215 43
1216 61
1217 1
1218 6
1219 7
1220 30
1221 40
1222 50
1223 1
1224 6
1225 49
1226 54
1227 1
1228 35
1229 41
1230 74
1231 1
1232 22
1233 46
1234 56
1235 1
1236 11
1237 48
1238 67
1239 1
1240 47
1241 49
1242 79
1243 1
1244 6
1245 35
1246 66
1247 1
1248 6
1249 24
1250 50
1251 1
1252 32
1253 75
1254 1
1255 16
1256 41
1257 64
1258 1
1259 42
1260 80
1261 1
1262 44
1263 84
1264 1
1265 31
1266 39
1267 88
1268 1
1269 39
1270 75
1271 1
1272 18
1273 60
1274 1
1275 15
1276 41
1277 46
1278 47
1279 74
1280 1
1281 2
1282 40
1283 67
1284 1
1285 31
1286 56
1287 1
1288 22
1289 58
1290 1
1291 4
1292 39
1293 56
1294 1
1295 12
1296 43
1297 88
1298 1
1299 38
1300 61
1301 1
1302 30
1303 34
1304 64
1305 1
1306 16
1307 28
1308 47
1309 65
1310 1
1311 12
1312 49
1313 61
1314 1
1315 16
1316 40
1317 72
1318 1
1319 3
1320 10
1321 35
1322 69
1323 1
1324 46
1325 48
1326 82
1327 1
1328 20
1329 42
1330 57
1331 1
1332 20
1333 40
1334 75
1335 1
1336 40
1337 68
1338 1
1339 2
1340 14
1341 33
1342 82
1343 1
1344 4
1345 28
1346 60
1347 1
1348 27
1349 66
1350 1
1351 47
1352 49
1353 98
1354 1
1355 7
1356 30
1357 78
1358 1
1359 40
1360 77
1361 1
1362 2
1363 31
1364 42
1365 73
1366 1
1367 29
1368 45
1369 87
1370 1
1371 29
1372 46
1373 64
1374 1
1375 29
1376 31
1377 66
1378 1
1379 10
1380 19
1381 48
1382 60
1383 1
1384 27
1385 37
1386 52
1387 1
1388 8
1389 26
1390 41
1391 84
1392 1
1393 26
1394 53
1395 1
1396 26
1397 30
1398 59
1399 1
1400 13
1401 35
1402 61
1403 1
1404 18
1405 57
1406 1
1407 46
1408 74
1409 1
1410 37
1411 72
1412 1
1413 19
1414 40
1415 62
1416 1
1417 39
1418 58
1419 1
1420 1
1421 5
1422 11
1423 16
1424 23
1425 24
1426 26
1427 53
1428 1
1429 48
1430 80
1431 1
1432 38
1433 83
1434 1
1435 30
1436 52
1437 1
1438 41
1439 67
1440 1
1441 43
1442 63
1443 1
1444 27
1445 39
1446 81
1447 1
1448 44
1449 77
1450 1
1451 2
1452 37
1453 85
1454 1
1455 10
1456 53
1457 1
1458 11
1459 56
1460 1
1461 14
1462 18
1463 47
1464 92
1465 1
1466 44
1467 66
1468 1
1469 10
1470 27
1471 47
1472 50
1473 1
1474 18
1475 33
1476 70
1477 1
1478 2
1479 8
1480 19
1481 32
1482 80
1483 1
1484 4
1485 39
1486 85
1487 1
1488 19
1489 61
1490 1
1491 1
1492 27
1493 67
1494 1
1495 27
1496 55
1497 1
1498 33
1499 81
