1500 1
1501 46
1502 93
1503 192
1504 1
1505 82
1506 84
1507 141
1508 1
1509 90
1510 98
1511 110
1512 1
1513 92
1514 113
1515 1
1516 69
1517 139
1518 1
1519 33
1520 131
1521 1
1522 98
1523 104
1524 1
1525 25
1526 37
1527 96
1528 170
1529 1
1530 45
1531 79
1532 85
1533 86
1534 108
1535 1
1536 25
1537 117
1538 1
1539 38
1540 130
1541 1
1542 80
1543 90
1544 155
1545 1
1546 54
1547 94
1548 124
1549 1
1550 54
1551 54
1552 55
1553 63
1554 126
1555 1
1556 38
1557 77
1558 160
1559 1
1560 11
1561 50
1562 147
1563 1
1564 81
1565 166
1566 1
1567 44
1568 52
1569 89
1570 124
1571 1
1572 79
1573 116
1574 1
1575 5
1576 50
1577 147
1578 1
1579 49
1580 126
1581 1
1582 92
1583 186
1584 1
1585 5
1586 11
1587 35
1588 38
1589 126
1590 1
1591 57
1592 99
1593 124
1594 1
1595 19
1596 37
1597 80
1598 158
1599 1
1600 15
1601 40
1602 77
1603 92
1604 99
1605 171
1606 1
1607 91
1608 163
1609 1
1610 89
1611 136
1612 1
1613 9
1614 93
1615 157
1616 1
1617 60
1618 96
1619 117
1620 1
1621 100
1622 1
1623 52
1624 134
1625 1
1626 52
1627 144
1628 1
1629 32
1630 48
1631 95
1632 170
1633 1
1634 90
1635 109
1636 1
1637 60
1638 99
1639 114
1640 1
1641 56
1642 66
1643 116
1644 1
1645 27
1646 93
1647 189
1648 1
1649 66
1650 142
1651 1
1652 77
1653 147
1654 1
1655 73
1656 123
1657 1
1658 73
1659 85
1660 86
1661 135
1662 1
1663 14
1664 40
1665 120
1666 1
1667 4
1668 95
1669 170
1670 1
1671 78
1672 102
1673 1
1674 7
1675 25
1676 122
1677 1
1678 53
1679 151
1680 1
1681 12
1682 63
1683 109
1684 1
1685 77
1686 111
1687 1
1688 19
1689 83
1690 151
1691 1
1692 28
1693 81
1694 163
1695 1
1696 80
1697 125
1698 1
1699 83
1700 140
1701 1
1702 4
1703 11
1704 33
1705 86
1706 92
1707 144
1708 1
1709 64
1710 87
1711 98
1712 132
1713 1
1714 8
1715 39
1716 116
1717 1
1718 40
1719 63
1720 120
1721 1
1722 67
1723 142
1724 1
1725 65
1726 134
1727 1
1728 29
1729 76
1730 172
1731 1
1732 47
1733 56
1734 93
1735 156
1736 1
1737 87
1738 106
1739 1
1740 24
1741 42
1742 127
1743 1
1744 58
1745 130
1746 1
1747 83
1748 126
1749 1
1750 80
1751 89
1752 91
1753 124
1754 1
1755 48
1756 146
1757 1
1758 65
1759 147
1760 1
1761 92
1762 159
1763 1
1764 35
1765 60
1766 78
1767 141
1768 1
1769 60
1770 68
1771 146
1772 1
1773 64
1774 108
1775 1
1776 6
1777 19
1778 74
1779 155
1780 1
1781 32
1782 59
1783 113
1784 1
1785 60
1786 105
1787 1
1788 59
1789 122
1790 1
1791 36
1792 54
1793 138
1794 1
1795 53
1796 112
1797 1
1798 59
1799 101
1800 1
1801 15
1802 29
1803 30
1804 121
1805 1
1806 53
1807 142
1808 1
1809 32
1810 46
1811 99
1812 171
1813 1
1814 44
1815 107
1816 1
1817 58
1818 154
1819 1
1820 29
1821 85
1822 128
1823 1
1824 98
1825 173
1826 1
1827 11
1828 47
1829 139
1830 1
1831 47
1832 70
1833 72
1834 145
1835 1
1836 46
1837 99
1838 191
1839 1
1840 71
1841 85
1842 119
1843 1
1844 100
1845 1
1846 84
1847 114
1848 1
1849 14
1850 39
1851 52
1852 130
1853 1
1854 65
1855 136
1856 1
1857 94
1858 116
1859 1
1860 40
1861 73
1862 153
1863 1
1864 13
1865 94
1866 148
1867 1
1868 44
1869 130
1870 1
1871 22
1872 86
1873 144
1874 1
1875 31
1876 40
1877 61
1878 157
1879 1
1880 36
1881 48
1882 73
1883 93
1884 111
1885 1
1886 31
1887 95
1888 143
1889 1
1890 89
1891 123
1892 1
1893 16
1894 27
1895 116
1896 1
1897 42
1898 138
1899 1
1900 5
1901 100
1902 1
1903 58
1904 78
1905 143
1906 1
1907 34
1908 70
1909 92
1910 144
1911 1
1912 55
1913 131
1914 1
1915 8
1916 41
1917 74
1918 159
1919 1
1920 25
1921 26
1922 69
1923 82
1924 175
1925 1
1926 54
1927 89
1928 99
1929 163
1930 1
1931 68
1932 119
1933 1
1934 38
1935 120
1936 1
1937 4
1938 33
1939 40
1940 123
1941 1
1942 25
1943 104
1944 1
1945 64
1946 155
1947 1
1948 31
1949 89
1950 130
1951 1
1952 65
1953 108
1954 1
1955 42
1956 117
1957 1
1958 9
1959 36
1960 98
1961 122
1962 1
1963 85
1964 87
1965 179
1966 1
1967 1
1968 61
1969 66
1970 103
1971 1
1972 57
1973 125
1974 1
1975 26
1976 82
1977 89
1978 172
1979 1
1980 96
1981 148
1982 1
1983 80
1984 103
1985 1
1986 94
1987 133
1988 1
1989 21
1990 26
1991 85
1992 148
1993 1
1994 78
1995 101
1996 1
1997 34
1998 77
1999 142
