2000 1
2001 29
2002 87
2003 181
2004 1
2005 69
2006 152
2007 1
2008 75
2009 123
2010 1
2011 60
2012 88
2013 127
2014 1
2015 76
2016 145
2017 1
2018 79
2019 96
2020 149
2021 1
2022 62
2023 102
2024 1
2025 62
2026 116
2027 1
2028 31
2029 68
2030 106
2031 1
2032 12
2033 80
2034 121
2035 1
2036 37
2037 100
2038 1
2039 1
2040 42
2041 68
2042 109
2043 1
2044 68
2045 80
2046 158
2047 1
2048 10
2049 24
2050 24
2051 37
2052 91
2053 129
2054 1
2055 86
2056 142
2057 1
2058 60
2059 117
2060 1
2061 46
2062 117
2063 1
2064 94
2065 109
2066 1
2067 87
2068 116
2069 1
2070 82
2071 96
2072 188
2073 1
2074 93
2075 128
2076 1
2077 58
2078 132
2079 1
2080 61
2081 136
2082 1
2083 36
2084 39
2085 57
2086 120
2087 1
2088 38
2089 83
2090 161
2091 1
2092 44
2093 94
2094 116
2095 1
2096 48
2097 49
2098 85
2099 154
2100 1
2101 12
2102 98
2103 121
2104 1
2105 62
2106 74
2107 79
2108 80
2109 133
2110 1
2111 45
2112 75
2113 106
2114 1
2115 56
2116 74
2117 81
2118 177
2119 1
2120 75
2121 120
2122 1
2123 18
2124 105
2125 1
2126 24
2127 111
2128 1
2129 90
2130 162
2131 1
2132 12
2133 75
2134 94
2135 164
2136 1
2137 5
2138 50
2139 78
2140 90
2141 163
2142 1
2143 21
2144 62
2145 79
2146 115
2147 1
2148 44
2149 69
2150 118
2151 1
2152 97
2153 119
2154 1
2155 49
2156 134
2157 1
2158 21
2159 25
2160 45
2161 98
2162 169
2163 1
2164 70
2165 90
2166 90
2167 171
2168 1
2169 46
2170 103
2171 1
2172 33
2173 44
2174 91
2175 97
2176 144
2177 1
2178 7
2179 99
2180 152
2181 1
2182 97
2183 171
2184 1
2185 20
2186 80
2187 138
2188 1
2189 34
2190 44
2191 114
2192 1
2193 80
2194 91
2195 156
2196 1
2197 56
2198 78
2199 99
2200 110
2201 1
2202 10
2203 38
2204 114
2205 1
2206 21
2207 35
2208 40
2209 61
2210 66
2211 135
2212 1
2213 85
2214 141
2215 1
2216 17
2217 42
2218 102
2219 1
2220 21
2221 28
2222 77
2223 99
2224 182
2225 1
2226 41
2227 129
2228 1
2229 77
2230 129
2231 1
2232 30
2233 96
2234 139
2235 1
2236 34
2237 77
2238 124
2239 1
2240 74
2241 146
2242 1
2243 4
2244 41
2245 46
2246 91
2247 165
2248 1
2249 1
2250 70
2251 117
2252 1
2253 21
2254 60
2255 113
2256 1
2257 96
2258 122
2259 1
2260 61
2261 119
2262 1
2263 21
2264 110
2265 1
2266 46
2267 137
2268 1
2269 24
2270 34
2271 84
2272 152
2273 1
2274 33
2275 69
2276 74
2277 161
2278 1
2279 82
2280 83
2281 121
2282 1
2283 21
2284 43
2285 51
2286 58
2287 78
2288 144
2289 1
2290 15
2291 48
2292 119
2293 1
2294 41
2295 96
2296 154
2297 1
2298 6
2299 59
2300 76
2301 89
2302 121
2303 1
2304 31
2305 123
2306 1
2307 54
2308 105
2309 1
2310 28
2311 103
2312 1
2313 63
2314 159
2315 1
2316 80
2317 146
2318 1
2319 26
2320 72
2321 77
2322 163
2323 1
2324 13
2325 108
2326 1
2327 48
2328 49
2329 147
2330 1
2331 66
2332 142
2333 1
2334 64
2335 106
2336 1
2337 5
2338 104
2339 1
2340 70
2341 158
2342 1
2343 51
2344 53
2345 113
2346 1
2347 76
2348 110
2349 1
2350 28
2351 43
2352 55
2353 71
2354 139
2355 1
2356 52
2357 104
2358 1
2359 92
2360 118
2361 1
2362 59
2363 77
2364 139
2365 1
2366 77
2367 85
2368 96
2369 194
2370 1
2371 56
2372 71
2373 103
2374 1
2375 6
2376 105
2377 1
2378 47
2379 119
2380 1
2381 100
2382 1
2383 8
2384 41
2385 125
2386 1
2387 70
2388 132
2389 1
2390 22
2391 40
2392 138
2393 1
2394 64
2395 94
2396 165
2397 1
2398 93
2399 106
2400 1
2401 94
2402 115
2403 1
2404 99
2405 107
2406 1
2407 78
2408 141
2409 1
2410 21
2411 111
2412 1
2413 15
2414 60
2415 101
2416 1
2417 30
2418 100
2419 1
2420 59
2421 88
2422 97
2423 175
2424 1
2425 47
2426 127
2427 1
2428 29
2429 100
2430 1
2431 36
2432 108
2433 1
2434 16
2435 72
2436 95
2437 102
2438 1
2439 15
2440 38
2441 120
2442 1
2443 43
2444 134
2445 1
2446 5
2447 18
2448 54
2449 123
2450 1
2451 72
2452 150
2453 1
2454 22
2455 25
2456 124
2457 1
2458 28
2459 48
2460 130
2461 1
2462 38
2463 102
2464 1
2465 23
2466 43
2467 118
2468 1
2469 57
2470 92
2471 111
2472 1
2473 25
2474 61
2475 131
2476 1
2477 56
2478 87
2479 108
2480 1
2481 68
2482 122
2483 1
2484 68
2485 98
2486 171
2487 1
2488 6
2489 54
2490 78
2491 166
2492 1
2493 92
2494 138
2495 1
2496 5
2497 73
2498 162
2499 1
